#       time        depth temperature porosity bound_fluid peridotite gabbro MORB sediment overriding adiabatic_temperature adiabatic_pressure adiabatic_density adiabatic_density_derivative velocity_magnitude sinking_velocity rising_velocity viscosity log_viscosity vertical_heat_flux vertical_mass_flux porosity_mass bound_fluid_mass peridotite_mass gabbro_mass MORB_mass sediment_mass overriding_mass
           0        29000      895.983            0            0     0.579324     0.103526   0.00476499    0.0328403     0.279545      1579.82  9.25569e+08      3292.01   0.00179798            0            0            0  1.82332e+23      22.6969            0            0            0            0      1939.01      337.298      15.5069      106.632      905.296
           0        87000      1519.25            0            0     0.872116  0.000612452  0.000525009  0.000611729     0.126134      1593.46  2.83364e+09      3337.18  0.000403057            0            0            0  2.29311e+22      20.4992            0            0            0            0      2914.32      2.01639      1.71324      1.97531      406.167
           0       145000      1605.65            0            0     0.998725  0.000459668  0.000383432  0.000432333            0      1606.57  4.71541e+09      3360.13  0.000397934            0            0            0  3.30553e+21      20.0349            0            0            0            0      3355.87       1.5119      1.24785      1.40234            0
           0       203000      1649.52            0            0            1            0            0            0            0      1619.83   6.6694e+09      3383.48  0.000392805            0            0            0  3.14884e+20      19.9984            0            0            0            0      3381.69            0            0            0            0
           0       261000      1673.35            0            0            1            0            0            0            0       1632.8  8.62805e+09      3406.45  0.000387871            0            0            0  1.23535e+20       20.091            0            0            0            0      3404.03            0            0            0            0
           0       319000      1694.99            0            0            1            0            0            0            0      1644.62  1.04567e+10      3427.49  0.000383432            0            0            0  1.51781e+20      20.1805            0            0            0            0      3424.56            0            0            0            0
           0       377000      1718.66            0            0            1            0            0            0            0      1657.16  1.24436e+10      3449.93  0.000378752            0            0            0   1.8815e+20      20.2736            0            0            0            0       3446.4            0            0            0            0
           0       435000      1742.65            0            0            1            0            0            0            0      1669.48  1.44424e+10       3472.1  0.000374168            0            0            0  2.31361e+20      20.3637            0            0            0            0      3467.97            0            0            0            0
           0       493000      1766.99            0            0            1            0            0            0            0      1681.59   1.6455e+10      3494.01   0.00036978            0            0            0  2.82785e+20      20.4507            0            0            0            0      3489.29            0            0            0            0
           0       551000      1791.67            0            0            1            0            0            0            0       1693.5  1.84799e+10      3515.67  0.000365512            0            0            0  3.42637e+20      20.5343            0            0            0            0      3510.31            0            0            0            0
           0       609000      1815.72            0            0            1            0            0            0            0      1704.76  2.04389e+10      3536.25  0.000361506            0            0            0  4.38883e+20      20.6385            0            0            0            0       3530.3            0            0            0            0
           0       667000      1841.08            0            0            1            0            0            0            0      1716.29  2.24882e+10      3557.43  0.000357445            0            0            0  4.73336e+21      21.5213            0            0            0            0      3550.84            0            0            0            0
           0       725000      1865.79            0            0            1            0            0            0            0      1727.19  2.44701e+10      3577.57  0.000353644            0            0            0  1.05537e+22      22.0233            0            0            0            0      3570.38            0            0            0            0
           0       783000      1891.85            0            0            1            0            0            0            0      1738.35  2.65433e+10      3598.28  0.000349791            0            0            0  1.06841e+22      22.0287            0            0            0            0      3590.47            0            0            0            0
           0       841000      1918.27            0            0            1            0            0            0            0      1749.34  2.86281e+10      3618.78  0.000346047            0            0            0  1.06539e+22      22.0275            0            0            0            0      3610.32            0            0            0            0
           0       899000      1942.98            0            0            1            0            0            0            0      1759.33  3.05632e+10      3637.51  0.000342683            0            0            0  1.05963e+22      22.0252            0            0            0            0      3628.44            0            0            0            0
           0       957000      1970.12            0            0            1            0            0            0            0      1769.98  3.26709e+10      3657.58  0.000339106            0            0            0  1.05076e+22      22.0215            0            0            0            0      3647.87            0            0            0            0
           0    1.015e+06      1997.63            0            0            1            0            0            0            0      1780.48  3.47898e+10      3677.46  0.000335623            0            0            0  1.03869e+22      22.0165            0            0            0            0      3667.08            0            0            0            0
           0    1.073e+06      2025.54            0            0            1            0            0            0            0      1790.82  3.69205e+10      3697.13  0.000332237            0            0            0  1.02389e+22      22.0102            0            0            0            0      3686.08            0            0            0            0
           0    1.131e+06      2053.82            0            0            1            0            0            0            0      1801.01  3.90621e+10       3716.6  0.000328934            0            0            0  1.00669e+22      22.0029            0            0            0            0      3704.89            0            0            0            0
           0    1.189e+06      2080.28            0            0            1            0            0            0            0      1810.27  4.10491e+10       3734.4  0.000325931            0            0            0  9.88237e+21      21.9949            0            0            0            0      3722.06            0            0            0            0
           0    1.247e+06      2109.34            0            0            1            0            0            0            0      1820.18  4.32125e+10      3753.51  0.000322762            0            0            0  9.66325e+21      21.9851            0            0            0            0      3740.49            0            0            0            0
           0    1.305e+06      2138.79            0            0            1            0            0            0            0      1829.94  4.53866e+10      3772.43  0.000319696            0            0            0  9.42407e+21      21.9742            0            0            0            0      3758.74            0            0            0            0
           0    1.363e+06      2168.67            0            0            1            0            0            0            0      1839.56  4.75719e+10      3791.17  0.000316682            0            0            0  9.16352e+21       21.962            0            0            0            0      3776.78            0            0            0            0
           0    1.421e+06      2198.95            0            0            1            0            0            0            0      1849.05  4.97677e+10      3809.74  0.000313744            0            0            0  8.88923e+21      21.9488            0            0            0            0      3794.66            0            0            0            0
           0    1.479e+06      2227.28            0            0            1            0            0            0            0      1857.69  5.18042e+10      3826.73  0.000311043            0            0            0   8.6225e+21      21.9356            0            0            0            0      3811.01            0            0            0            0
           0    1.537e+06      2258.39            0            0            1            0            0            0            0      1866.93  5.40207e+10      3844.97  0.000308232            0            0            0  8.32128e+21      21.9202            0            0            0            0      3828.54            0            0            0            0
           0    1.595e+06      2289.92            0            0            1            0            0            0            0      1876.04  5.62474e+10      3863.04  0.000305471            0            0            0  8.01236e+21      21.9037            0            0            0            0      3845.92            0            0            0            0
           0    1.653e+06      2321.91            0            0            1            0            0            0            0      1885.03  5.84848e+10      3880.96   0.00030279            0            0            0  7.69387e+21      21.8861            0            0            0            0      3863.12            0            0            0            0
           0    1.711e+06      2354.33            0            0            1            0            0            0            0      1893.91  6.07323e+10      3898.72  0.000300137            0            0            0  7.37046e+21      21.8675            0            0            0            0      3880.17            0            0            0            0
           0    1.769e+06      2384.66            0            0            1            0            0            0            0         1902   6.2816e+10      3914.97  0.000297733            0            0            0  7.07038e+21      21.8494            0            0            0            0      3895.77            0            0            0            0
           0    1.827e+06      2417.97            0            0            1            0            0            0            0      1910.65  6.50833e+10      3932.43  0.000295202            0            0            0  6.74175e+21      21.8287            0            0            0            0      3912.51            0            0            0            0
           0    1.885e+06      2451.73            0            0            1            0            0            0            0      1919.19  6.73604e+10      3949.75  0.000292719            0            0            0  6.41441e+21      21.8071            0            0            0            0       3929.1            0            0            0            0
           0    1.943e+06      2485.98            0            0            1            0            0            0            0      1927.63  6.96477e+10      3966.92  0.000290282            0            0            0  6.08968e+21      21.7845            0            0            0            0      3945.55            0            0            0            0
           0    2.001e+06      2520.69            0            0            1            0            0            0            0      1935.96  7.19446e+10      3983.95  0.000287887            0            0            0  5.76837e+21       21.761            0            0            0            0      3961.86            0            0            0            0
           0    2.059e+06      2553.17            0            0            1            0            0            0            0      1943.56  7.40736e+10      3999.55  0.000285752            0            0            0  5.48098e+21      21.7388            0            0            0            0      3976.83            0            0            0            0
           0    2.117e+06      2586.06            0            0            1            0            0            0            0      1951.07   7.6211e+10      4015.02    0.0002836            0            0            0  5.19332e+21      21.7154            0            0            0            0      3991.63            0            0            0            0
           0    2.175e+06      2624.99            0            0            1            0            0            0            0      1959.72  7.87152e+10      4032.94  0.000281186            0            0            0  4.86223e+21      21.6867            0            0            0            0      4008.69            0            0            0            0
           0    2.233e+06      2664.48            0            0            1            0            0            0            0      1968.27    8.123e+10       4050.7  0.000278802            0            0            0  4.54798e+21      21.6578            0            0            0            0       4025.7            0            0            0            0
           0    2.291e+06      2698.81            0            0            1            0            0            0            0      1975.51  8.33945e+10      4065.81   0.00027681            0            0            0  4.28411e+21      21.6318            0            0            0            0      4040.11            0            0            0            0
           0    2.349e+06      2733.58            0            0            1            0            0            0            0      1982.66  8.55671e+10       4080.8  0.000274853            0            0            0  4.02559e+21      21.6048            0            0            0            0      4054.36            0            0            0            0
           0    2.407e+06       2768.8            0            0            1            0            0            0            0      1989.75  8.77476e+10       4095.7  0.000272896            0            0            0  3.78166e+21      21.5776            0            0            0            0      4068.59            0            0            0            0
           0    2.465e+06      2810.48            0            0            1            0            0            0            0      1997.91  9.03019e+10      4112.94  0.000270697            0            0            0  3.50725e+21      21.5448            0            0            0            0      4085.02            0            0            0            0
           0    2.523e+06      2852.76            0            0            1            0            0            0            0      2005.98  9.28663e+10      4130.04  0.000268524            0            0            0  3.24186e+21      21.5107            0            0            0            0      4101.26            0            0            0            0
           0    2.581e+06      2889.51            0            0            1            0            0            0            0      2012.82   9.5073e+10       4144.6  0.000266739            0            0            0  3.02929e+21      21.4813            0            0            0            0      4115.13            0            0            0            0
           0    2.639e+06      2926.74            0            0            1            0            0            0            0      2019.58  9.72874e+10      4159.05  0.000264919            0            0            0  2.82565e+21       21.451            0            0            0            0      4128.88            0            0            0            0
           0    2.697e+06      2964.45            0            0            1            0            0            0            0      2026.28  9.95096e+10      4173.41  0.000263161            0            0            0   2.6295e+21      21.4198            0            0            0            0      4142.49            0            0            0            0
           0    2.755e+06      3009.08            0            0            1            0            0            0            0         2034  1.02112e+11      4190.03  0.000261142            0            0            0  2.41568e+21      21.3829            0            0            0            0      4158.28            0            0            0            0
           0    2.813e+06      3054.34            0            0            1            0            0            0            0      2041.64  1.04724e+11      4206.54  0.000259158            0            0            0  2.21508e+21      21.3453            0            0            0            0      4173.96            0            0            0            0
           0    2.871e+06      3093.69            0            0            1            0            0            0            0      2048.11  1.06972e+11      4220.58  0.000257492            0            0            0  2.05173e+21       21.312            0            0            0            0      4187.24            0            0            0            0
           1        29000      895.983            0            0     0.579324     0.103526   0.00476499    0.0328403     0.279545      1579.82  9.25569e+08      3292.01   0.00179798            0            0            0  1.82332e+23      22.6969            0            0            0            0      1939.01      337.298      15.5069      106.632      905.296
           1        87000      1519.25            0            0     0.872116  0.000612452  0.000525009  0.000611729     0.126134      1593.46  2.83364e+09      3337.18  0.000403057            0            0            0  2.29311e+22      20.4992            0            0            0            0      2914.32      2.01639      1.71324      1.97531      406.167
           1       145000      1605.65            0            0     0.998725  0.000459668  0.000383432  0.000432333            0      1606.57  4.71541e+09      3360.13  0.000397934            0            0            0  3.30553e+21      20.0349            0            0            0            0      3355.87       1.5119      1.24785      1.40234            0
           1       203000      1649.52            0            0            1            0            0            0            0      1619.83   6.6694e+09      3383.48  0.000392805            0            0            0  3.14884e+20      19.9984            0            0            0            0      3381.69            0            0            0            0
           1       261000      1673.35            0            0            1            0            0            0            0       1632.8  8.62805e+09      3406.45  0.000387871            0            0            0  1.23535e+20       20.091            0            0            0            0      3404.03            0            0            0            0
           1       319000      1694.99            0            0            1            0            0            0            0      1644.62  1.04567e+10      3427.49  0.000383432            0            0            0  1.51781e+20      20.1805            0            0            0            0      3424.56            0            0            0            0
           1       377000      1718.66            0            0            1            0            0            0            0      1657.16  1.24436e+10      3449.93  0.000378752            0            0            0   1.8815e+20      20.2736            0            0            0            0       3446.4            0            0            0            0
           1       435000      1742.65            0            0            1            0            0            0            0      1669.48  1.44424e+10       3472.1  0.000374168            0            0            0  2.31361e+20      20.3637            0            0            0            0      3467.97            0            0            0            0
           1       493000      1766.99            0            0            1            0            0            0            0      1681.59   1.6455e+10      3494.01   0.00036978            0            0            0  2.82785e+20      20.4507            0            0            0            0      3489.29            0            0            0            0
           1       551000      1791.67            0            0            1            0            0            0            0       1693.5  1.84799e+10      3515.67  0.000365512            0            0            0  3.42637e+20      20.5343            0            0            0            0      3510.31            0            0            0            0
           1       609000      1815.72            0            0            1            0            0            0            0      1704.76  2.04389e+10      3536.25  0.000361506            0            0            0  4.38883e+20      20.6385            0            0            0            0       3530.3            0            0            0            0
           1       667000      1841.08            0            0            1            0            0            0            0      1716.29  2.24882e+10      3557.43  0.000357445            0            0            0  4.73336e+21      21.5213            0            0            0            0      3550.84            0            0            0            0
           1       725000      1865.79            0            0            1            0            0            0            0      1727.19  2.44701e+10      3577.57  0.000353644            0            0            0  1.05537e+22      22.0233            0            0            0            0      3570.38            0            0            0            0
           1       783000      1891.85            0            0            1            0            0            0            0      1738.35  2.65433e+10      3598.28  0.000349791            0            0            0  1.06841e+22      22.0287            0            0            0            0      3590.47            0            0            0            0
           1       841000      1918.27            0            0            1            0            0            0            0      1749.34  2.86281e+10      3618.78  0.000346047            0            0            0  1.06539e+22      22.0275            0            0            0            0      3610.32            0            0            0            0
           1       899000      1942.98            0            0            1            0            0            0            0      1759.33  3.05632e+10      3637.51  0.000342683            0            0            0  1.05963e+22      22.0252            0            0            0            0      3628.44            0            0            0            0
           1       957000      1970.12            0            0            1            0            0            0            0      1769.98  3.26709e+10      3657.58  0.000339106            0            0            0  1.05076e+22      22.0215            0            0            0            0      3647.87            0            0            0            0
           1    1.015e+06      1997.63            0            0            1            0            0            0            0      1780.48  3.47898e+10      3677.46  0.000335623            0            0            0  1.03869e+22      22.0165            0            0            0            0      3667.08            0            0            0            0
           1    1.073e+06      2025.54            0            0            1            0            0            0            0      1790.82  3.69205e+10      3697.13  0.000332237            0            0            0  1.02389e+22      22.0102            0            0            0            0      3686.08            0            0            0            0
           1    1.131e+06      2053.82            0            0            1            0            0            0            0      1801.01  3.90621e+10       3716.6  0.000328934            0            0            0  1.00669e+22      22.0029            0            0            0            0      3704.89            0            0            0            0
           1    1.189e+06      2080.28            0            0            1            0            0            0            0      1810.27  4.10491e+10       3734.4  0.000325931            0            0            0  9.88237e+21      21.9949            0            0            0            0      3722.06            0            0            0            0
           1    1.247e+06      2109.34            0            0            1            0            0            0            0      1820.18  4.32125e+10      3753.51  0.000322762            0            0            0  9.66325e+21      21.9851            0            0            0            0      3740.49            0            0            0            0
           1    1.305e+06      2138.79            0            0            1            0            0            0            0      1829.94  4.53866e+10      3772.43  0.000319696            0            0            0  9.42407e+21      21.9742            0            0            0            0      3758.74            0            0            0            0
           1    1.363e+06      2168.67            0            0            1            0            0            0            0      1839.56  4.75719e+10      3791.17  0.000316682            0            0            0  9.16352e+21       21.962            0            0            0            0      3776.78            0            0            0            0
           1    1.421e+06      2198.95            0            0            1            0            0            0            0      1849.05  4.97677e+10      3809.74  0.000313744            0            0            0  8.88923e+21      21.9488            0            0            0            0      3794.66            0            0            0            0
           1    1.479e+06      2227.28            0            0            1            0            0            0            0      1857.69  5.18042e+10      3826.73  0.000311043            0            0            0   8.6225e+21      21.9356            0            0            0            0      3811.01            0            0            0            0
           1    1.537e+06      2258.39            0            0            1            0            0            0            0      1866.93  5.40207e+10      3844.97  0.000308232            0            0            0  8.32128e+21      21.9202            0            0            0            0      3828.54            0            0            0            0
           1    1.595e+06      2289.92            0            0            1            0            0            0            0      1876.04  5.62474e+10      3863.04  0.000305471            0            0            0  8.01236e+21      21.9037            0            0            0            0      3845.92            0            0            0            0
           1    1.653e+06      2321.91            0            0            1            0            0            0            0      1885.03  5.84848e+10      3880.96   0.00030279            0            0            0  7.69387e+21      21.8861            0            0            0            0      3863.12            0            0            0            0
           1    1.711e+06      2354.33            0            0            1            0            0            0            0      1893.91  6.07323e+10      3898.72  0.000300137            0            0            0  7.37046e+21      21.8675            0            0            0            0      3880.17            0            0            0            0
           1    1.769e+06      2384.66            0            0            1            0            0            0            0         1902   6.2816e+10      3914.97  0.000297733            0            0            0  7.07038e+21      21.8494            0            0            0            0      3895.77            0            0            0            0
           1    1.827e+06      2417.97            0            0            1            0            0            0            0      1910.65  6.50833e+10      3932.43  0.000295202            0            0            0  6.74175e+21      21.8287            0            0            0            0      3912.51            0            0            0            0
           1    1.885e+06      2451.73            0            0            1            0            0            0            0      1919.19  6.73604e+10      3949.75  0.000292719            0            0            0  6.41441e+21      21.8071            0            0            0            0       3929.1            0            0            0            0
           1    1.943e+06      2485.98            0            0            1            0            0            0            0      1927.63  6.96477e+10      3966.92  0.000290282            0            0            0  6.08968e+21      21.7845            0            0            0            0      3945.55            0            0            0            0
           1    2.001e+06      2520.69            0            0            1            0            0            0            0      1935.96  7.19446e+10      3983.95  0.000287887            0            0            0  5.76837e+21       21.761            0            0            0            0      3961.86            0            0            0            0
           1    2.059e+06      2553.17            0            0            1            0            0            0            0      1943.56  7.40736e+10      3999.55  0.000285752            0            0            0  5.48098e+21      21.7388            0            0            0            0      3976.83            0            0            0            0
           1    2.117e+06      2586.06            0            0            1            0            0            0            0      1951.07   7.6211e+10      4015.02    0.0002836            0            0            0  5.19332e+21      21.7154            0            0            0            0      3991.63            0            0            0            0
           1    2.175e+06      2624.99            0            0            1            0            0            0            0      1959.72  7.87152e+10      4032.94  0.000281186            0            0            0  4.86223e+21      21.6867            0            0            0            0      4008.69            0            0            0            0
           1    2.233e+06      2664.48            0            0            1            0            0            0            0      1968.27    8.123e+10       4050.7  0.000278802            0            0            0  4.54798e+21      21.6578            0            0            0            0       4025.7            0            0            0            0
           1    2.291e+06      2698.81            0            0            1            0            0            0            0      1975.51  8.33945e+10      4065.81   0.00027681            0            0            0  4.28411e+21      21.6318            0            0            0            0      4040.11            0            0            0            0
           1    2.349e+06      2733.58            0            0            1            0            0            0            0      1982.66  8.55671e+10       4080.8  0.000274853            0            0            0  4.02559e+21      21.6048            0            0            0            0      4054.36            0            0            0            0
           1    2.407e+06       2768.8            0            0            1            0            0            0            0      1989.75  8.77476e+10       4095.7  0.000272896            0            0            0  3.78166e+21      21.5776            0            0            0            0      4068.59            0            0            0            0
           1    2.465e+06      2810.48            0            0            1            0            0            0            0      1997.91  9.03019e+10      4112.94  0.000270697            0            0            0  3.50725e+21      21.5448            0            0            0            0      4085.02            0            0            0            0
           1    2.523e+06      2852.76            0            0            1            0            0            0            0      2005.98  9.28663e+10      4130.04  0.000268524            0            0            0  3.24186e+21      21.5107            0            0            0            0      4101.26            0            0            0            0
           1    2.581e+06      2889.51            0            0            1            0            0            0            0      2012.82   9.5073e+10       4144.6  0.000266739            0            0            0  3.02929e+21      21.4813            0            0            0            0      4115.13            0            0            0            0
           1    2.639e+06      2926.74            0            0            1            0            0            0            0      2019.58  9.72874e+10      4159.05  0.000264919            0            0            0  2.82565e+21       21.451            0            0            0            0      4128.88            0            0            0            0
           1    2.697e+06      2964.45            0            0            1            0            0            0            0      2026.28  9.95096e+10      4173.41  0.000263161            0            0            0   2.6295e+21      21.4198            0            0            0            0      4142.49            0            0            0            0
           1    2.755e+06      3009.08            0            0            1            0            0            0            0         2034  1.02112e+11      4190.03  0.000261142            0            0            0  2.41568e+21      21.3829            0            0            0            0      4158.28            0            0            0            0
           1    2.813e+06      3054.34            0            0            1            0            0            0            0      2041.64  1.04724e+11      4206.54  0.000259158            0            0            0  2.21508e+21      21.3453            0            0            0            0      4173.96            0            0            0            0
           1    2.871e+06      3093.69            0            0            1            0            0            0            0      2048.11  1.06972e+11      4220.58  0.000257492            0            0            0  2.05173e+21       21.312            0            0            0            0      4187.24            0            0            0            0
           1    2.9e+06      3113.5407714843764            0            0            1            0            0            0            0      2048.11  1.06972e+11      4220.58  0.000257492            0            0            0  2.05173e+21       21.312            0            0            0            0      4187.24            0            0            0            0
